109581
109607
73887
75157
75893
75158
140534
69416
3371378
109606
75108
114452
111447
111448
139915
111446
139910
111453
114294
111452
111455
111457
111471
111461
111458
111459
111469
111463
111464
75153
111465
264870
351906
352238
140342
211227
211736
169911
211733
211728
418889
2173782
2168880
3000480
3000471
3000484
3000497
1640170
69620
69615
69580
69563
69541
69560
69613
69610
69601
69481
69473
75035
69478
176187
69618
141424
141444
141405
141430
69278
453279
1538133
69236
69231
69206
69202
187577
69200
69201
69205
68962
113510
113501
113507
69242
69656
187577
69239
68952
69052
68949
69017
69190
176974
69109
69186
75815
69229
2468052
69304
69298
69300
68949
69017
453274
68911
69275
69273
170145
157881
2565942
156711
380287
380270
380284
68886
68875
162658
2465910
2980766
2980767
3301854
2993913
68877
2500257
2514853
2555396
68879
68881
68882
2467813
2995410
68884
2470946
68874
69002
68867
68616
68689
68827
68962
453276
174143
176408
176417
174113
141405
176814
176412
176409
176407
174178
174084
73886
774815
606279
157579
180786
171319
174417
174430
174411
174414
171306
1221632
1500931
446728
421270
418990
420597
420029
446353
446343
446388
446107
391160
376172
373753
2262752
2262749
1234174
1234162
1234176
1234158
2559583
2559585
2559580
2559586
2559584
2559582
400253
1368108
1368071
1368082
1266738
422475
373755
400685
416550
416572
399955
399954
399956
416700
375165
109869
110029
110049
112407
112409
110056
112411
419037
373752
418885
418886
418890
376176
428542
428543
428540
428890
373760
437239
445095
445144
447041
447043
447038
525793
375170
186712
210747
210744
210746
210745
211163
1181150
1433617
381340
1643685
162906
162587
162594
173107
162585
162589
164516
164525
162592
175567
164843
177539
162599
167172
167161
167162
167160
167169
167287
167152
167290
167243
167238
167168
165054
175474
174495
171286
162588
162909
176033
180897
180910
177243
180746
165054
180689
180585
176034
164952
164944
164938
164939
164940
167590
182218
180534
168254
168255
168275
168270
168288
168336
168271
168273
192905
168325
192869
192814
192823
168274
168330
168333
168268
168316
168874
168303
168302
168298
168253
168276
168315
168305
168888
169131
168277
1222352
1222556
1222499
1222538
1222387
1222541
1222449
1643713
177929
212718
1489509
111997
179812
109869
110029
110049
112409
180336
109869
110029
110049
112409
180292
1257604
198323
198693
199418
182971
1236382
977225
168799
181363
168782
168769
181546
1226099
190236
190376
190242
190370
190373
190241
190377
190375
190239
190371
190372
190322
1307973
1307965
190374
190333
190345
109869
190347
1489509
190346
190926
1257604
1270470
1295596
1839131
1839124
1839120
1839117
1839122
1839126
2033519
2023837
2033514
1839130
2033515
1839128
2160456
2206281
2206302
1630316
2142845
2142850
2160916
174362
1638074
2022854
2022857
1638091
1971475
2022928
2024096
1793185
1971475
2022870
2022923
2024101
2206296
1630316
2142845
2142850
2160916
174362
1638074
2022854
2022857
1638091
1971475
2022928
2024096
1793185
1971475
2022870
2022923
2024101
2206307
1630316
2142845
2142850
2160916
174362
1638074
2022854
2022857
1638091
1971475
2022928
2024096
1793185
1971475
2022870
2022923
2024101
2206282
1630316
2142845
2142850
2160916
174362
1638074
2022854
2022857
1638091
1971475
2022928
2024096
1793185
1971475
2022870
2022923
2024101
2206291
1630316
2142845
2142850
2160916
174362
1638074
2022854
2022857
1638091
1971475
2022928
2024096
1793185
1971475
2022870
2022923
2024101
2206305
1630316
2142845
2142850
2160916
174362
1638074
2022854
2022857
1638091
1971475
2022928
2024096
1793185
1971475
2022870
2022923
2024101
2206290
1630316
2142845
2142850
2160916
174362
1638074
2022854
2022857
1638091
1971475
2022928
2024096
1793185
1971475
2022870
2022923
2024101
2206308
1630316
2142845
2142850
2160916
174362
1638074
2022854
2022857
1638091
1971475
2022928
2024096
1793185
1971475
2022870
2022923
2024101
2206285
1630316
2142845
2142850
2160916
174362
1638074
2022854
2022857
1638091
1971475
2022928
2024096
1793185
1971475
2022870
2022923
2024101
2206292
1630316
2142845
2142850
2160916
174362
1638074
2022854
2022857
1638091
1971475
2022928
2024096
1793185
1971475
2022870
2022923
2024101
2206280
1630316
2142845
2142850
2160916
174362
1638074
2022854
2022857
1638091
1971475
2022928
2024096
1793185
1971475
2022870
2022923
2024101
2474795
2453864
2466712
2187338
975634
2453902
2187335
2514856
2485179
2514859
2219528
2219530
1257604
198323
198693
199418
2644603
2660825
2660826
1980143
2122948
2122947
2691230
2691232
1980143
2122948
2122947
2644602
2644606
1980143
2122948
2122947
2894858
2894862
1980143
2122948
2122947
2644605
2644607
1980143
2122948
2122947
2978092
3296482
3296469
3359462
196849
196836
196819
196843
199220
964975
196741
196780
196807
196757
947581
3359463
196849
196836
196819
196843
199220
964975
196741
196780
196807
196757
947581
3359454
196849
196836
196819
196843
199220
964975
196741
196780
196807
196757
947581
3359458
196849
196836
196819
196843
199220
964975
196741
196780
196807
196757
947581
3359457
196849
196836
196819
196843
199220
964975
196741
196780
196807
196757
947581
3359474
196849
196836
196819
196843
199220
964975
196741
196780
196807
196757
947581
3359473
196849
196836
196819
196843
199220
964975
196741
196780
196807
196757
947581
3359467
196849
196836
196819
196843
199220
964975
196741
196780
196807
196757
947581
3359469
196849
196836
196819
196843
199220
964975
196741
196780
196807
196757
947581
3359471
196849
196836
196819
196843
199220
964975
196741
196780
196807
196757
947581
3359475
196849
196836
196819
196843
199220
964975
196741
196780
196807
196757
947581
3359478
196849
196836
196819
196843
199220
964975
196741
196780
196807
196757
947581
3359485
196849
196836
196819
196843
199220
964975
196741
196780
196807
196757
947581
3323169
3371599
196849
196836
196819
196843
199220
964975
196741
196780
196807
196757
947581
3371598
196849
196836
196819
196843
199220
964975
196741
196780
196807
196757
947581
3304351
3304347
3311021
170834
2173789
2173791
2173793
3304349
3304356
170834
2173789
2173791
2173793
3315487
170834
2173789
2173791
2173793
3642278
3642279
170834
2173789
2173791
2173793
3645790
170834
2173789
2173791
2173793
3656534
3656535
170834
2173789
2173791
2173793
3656532
170834
2173789
2173791
2173793
73894
73884
73929
73927
110330
110331
73928
110328
110329
73933
110381
73930
110357
110373
110362
110357
73893
110313
110312
110320
110325
73942
73943
112122
112126
73890
73888
73951
83542
75148
75154
83572
83626
76010
76003
75149
75228
83667
73950
73889
75924
73885
109970
73940
73935
73941
74969
74967
73937
110302
110304
109979
109977
419524
419552
69306
68874
69002
68867
68616
68689
68827
68962
69239
68952
69052
68949
69017
69190
176974
69109
69091
69186
69091
69183
69166
69304
69298
69300
68949
69017
1474244
1474290
1650814
2022090
2214320
2243919
1566977
1566948
2129379
3000157
3000171
3000170
3000178
1474228
1592389
1442490
216083
74160
212436
350054
383280
2032785
2173793
2173796
2173795
504046
73864
73854
73728
73762
73772
73777
73863
74158
749476
76046
76061
76066
76071
73780
73980
75944
163282
163318
163316
73857
674695
73779
76042
75953
73776
77075
75955
113418
112382
73856
109688
72086
72203
72172
72163
72165
72187
72202
159236
159234
159230
159227
159231
75067
77588
111367
77595
75072
72200
75094
75064
77042
75102
379724
379716
379726
429914
429947
429958
430039
927802
975957
975956
211000
203927
426486
426496
450531
450408
450385
450513
450604
450520
72766
72613
72737
72689
72695
72662
72649
72702
72706
72731
72771
156827
1799339
156842
156902
72764
194441
191859
428359
109582
418346
392851
392154
418457
418360
139853
418359
432142
75892
76002
430116
392518
392170
418592
428930
456926
114604
76009
354192
354194
372708
392023
114508
426048
76005
114516
114608
140877
140834
140837
140875
75205
202733
210993
210990
210991
983231
983189
168256
1280218
202403
202427
202430
202433
202424
388841
389356
389357
389359
389513
389948
983705
983695
1168372
1169091
1169092
1257604
198323
198693
199418
983169
983168
983170
1236975
1236973
1236974
1236977
1236978
2132295
198933
392517
168249
168898
1679131
168142
975871
937039
937042
445989
450294
168164
166166
937061
168176
975871
937039
937042
445989
450294
168181
975155
975138
975110
168138
975155
975138
975110
166016
166020
166054
166058
166166
181438
168179
166058
168188
166058
166658
166663
166786
166662
173623
173736
174577
166665
977606
168643
168638
622312
844456
844455
844623
844615
879415
168928
918233
933543
933541
933542
936440
1461973
1462054
1461957
1834949
1606322
1606341
1810476
1834941
3270619
3249367
3134973
3134963
3134975
3248023
2029480
2029481
2029482
2029485
2172127
2424491
1257604
198323
198693
199418
109869
110029
110049
112409
1489509
111997
2454202
2871796
109869
110029
110049
112409
2871809
2871837
2730905
1257604
198323
198693
199418
1280215
913531
909733
912694
877300
877312
1169410
1169408
449147
448706
446652
451927
912526
109869
110029
110049
112409
512988
912526
912631
1059683
1266695
982772
1170546
1500620
912446
1221632
199991
199977
204005
199983
199997
199992
421837
432722
432720
157858
190828
190861
190827
190704
190872
190840
190873
196025
191650
191647
917729
1445148
1430728
71387
189085
189200
70153
170822
70326
70171
70263
3322077
70221
70350
70370
71336
73843
1630316
2142845
2142850
2160916
174362
1638074
2022854
2022857
1638091
1971475
2022928
2024096
1793185
1971475
2022870
2022923
2024101
1483249
1855204
1855196
1855191
1855170
1855167
1855229
1855184
1855231
1855215
1855156
1855192
1855183
556833
73923
192456
265473
174824
174800
194223
171052
163560
535734
75109
75105
75876
200425
77289
77286
77305
77285
77310
77346
77348
77350
77352
77288
71032
74182
77111
77108
400206
1989781
390918
389599
389887
390247
75896
389542
191273
1655829
2426168
194068
192105
193368
193775
193807
159418
196071
196108
194002
193993
193048
193144
196791
1483257
1483206
1483166
1482883
1483213
1482839
1483152
1483191
1483196
1482788
1483115
1483101
1482801
1483226
1482922
1483148
1482925
1483076
1482798
1483171
1483255
1483248
1483196
1660514
1660510
1660499
1660524
1660516
1660537
1660502
1660517
1660508
2046104
2046106
2046105
2142753
2162123
2142691
2142688
2142770
2142712
2142700
2142696
2142816
2142670
428157
1660661
1660662
2142789
163685
422356
400042
399997
400451
434316
381676
163359
164378
163358
163754
163680
163767
163765
202131
203765
203615
203754
203641
1474151
1428517
71406
70268
204174
71403
880009
163200
611105
163210
166187
167826
167827
15869
73847
73817
74217
74259
73848
500753
73614
73621
499943
2393930
196854
196849
196836
196819
196843
199220
196783
964975
196741
196780
196807
197264
196757
947581
71291
70614
977347
70895
70921
71064
71182
70688
71240
70635
71262
71288
351202
351143
351200
1237112
350562
209776
209905
209968
350864
209931
389661
1614635
1237112
1614603
1614558
1614517
189445
189451
189483
211859
211945
211897
211976
211994
211981
211957
211999
211935
211979
211916
211958
217271
140180
140179
141333
141334
71384
156580
156588
173599
156584
174362
156582
156581
156590
174403
156587
159424
177135
177162
177128
1362409
2395516
1480926
1237044
1247673
2161522
2161517
2161541
1475029
2564830
392499
72766
72613
72737
72689
72695
72662
72649
72702
72706
72731
72771
156827
1799339
156842
156902
72764
391251
390466
389958
389957
389960
390450
390471
389977
597592
163841
159854
159740
159763
159782
204626
1663150
163125
162699
162710
162791
446203
446193
446219
446199
446210
446205
162699
480985
532668
901042
901032
948021
199977
204005
964739
964827
975576
975574
975578
975577
913709
977068
2990846
3215018
3065679
3065676
3065678
1268020
2980736
264876
422085
2022377
400508
381771
400511
209952
209822
381426
381119
381033
381183
381070
381038
381042
380994
397014
390522
445355
112316
112307
112303
112315
112308
112310
181430
181429
210500
212676
264642
888590
888568
888593
916853
112311
379401
379397
379398
380615
380612
112313
210455
112314
181431
629602
622323
622327
399721
399719
416993
399710
442755
438066
438064
442742
442720
442729
442717
451326
451306
451307
451308
500657
977443
977441
977444
991365
977442
1296071
1296052
1296061
1296065
1296059
1296041
1296067
1296025
1296053
1296072
1296346
1299308
1299503
1299316
1299361
1299344
1299287
168799
181363
168782
168769
181546
1474165
1187000
1300642
2534343
1300644
1300645
1300652
162582
177929
212718
1489509
111997
111933
179812
109869
110029
110049
112407
112409
110056
112411
180336
109869
110029
110049
112407
112409
110056
112411
180292
1257604
198323
198693
199418
182971
190236
190376
190242
190370
190373
190241
190377
190375
190239
190371
190372
190322
1307973
1307965
190374
190333
190345
109869
110029
110049
112409
190347
1489509
111997
190346
190926
1257604
198323
198693
199418
1270470
1295596
74752
74751
77388
74744
112410
109869
77389
74713
112399
109704
112412
74749
77387
166520
167060
193704
205017
204998
193648
205043
205025
193670
193639
209543
209560
193681
193697
209563
193634
193692
187037
187015
187042
187024
187687
167044
109869
197529
171007
187706
109869
169893
170968
170984
167021
1489509
111997
198203
1257604
198323
198693
199418
198745
198765
177504
198725
198753
202670
199920
186797
186763
1257604
198323
198693
199418
1489509
111997
111933
109869
110029
110049
112407
112409
110056
112411
194138
194313
195399
194306
1433557
1257604
198323
198693
199418
109869
110029
110049
112407
112409
110056
112411
1433559
1227986
1250196
109869
110029
110049
112407
112409
110056
112411
1963640
109869
110029
110049
112407
112409
110056
112411
1963642
1257604
198323
198693
199418
1251932
1489509
111997
111933
1306955
1358803
1236394
1250347
109869
110029
110049
112407
112409
110056
112411
1250342
1257604
198323
198693
199418
1251985
1170546
1253288
1489509
111997
111933
111931
163615
111932
111957
1257604
198323
198693
199418
109869
110029
110049
112407
112409
110056
112411
194315
194840
201451
170834
2173789
2173788
2173791
2173793
2173796
2173795
157118
1912422
1912408
1912399
1912420
1980143
2122948
2122947
1980145
2979096
2197563
1980148
1980150
372790
500792
373076
375276
380108
380095
388479
389397
444473
444821
375280
390648
390696
390651
390650
390666
375281
391903
391908
391906
418038
417957
417973
3296197
419408
419771
444209
373080
419812
420092
420499
388396
418555
418594
418597
416476
114508
426048
416482
397795
392451
418217
381753
111885
202040
112040
112043
111996
170660
170670
180024
881907
416476
114508
426048
2179392
109869
110029
110049
112407
112409
110056
112411
195721
3238698
195253
196299
2028269
2404192
2428924
2428933
112410
109869
2428928
112399
109704
112412
1502540
2473224
2187338
975634
2453902
2187335
2514856
2485179
2514859
2586552
109869
110029
110049
112407
112409
110056
112411
354192
354194
372708
2990846
3215018
3065679
3065676
3065678
382551
382556
1369062
1369007
425407
425393
425381
425561
425986
426117
427601
427652
427589
352230
428643
428559
427975
189200
70153
170822
425366
428790
428776
428808
429593
433137
433692
425410
435354
435368
442380
442660
444411
549132
549127
561048
425397
83936
727802
804914
879518
445717
432047
432040
432030
917937
917977
983712
936837
975298
2672351
3295583
